<?xml version="1.0"?>
<opencv_storage>
<cameraMatrix type_id="opencv-matrix">
  <rows>3</rows>
  <cols>3</cols>
  <dt>d</dt>
  <data>
    583.08821411125984 0. 165.58918374033101 0. 584.85863405701866
    69.281526784852687 0. 0. 1.</data></cameraMatrix>
<distCoeffs type_id="opencv-matrix">
  <rows>1</rows>
  <cols>5</cols>
  <dt>d</dt>
  <data>
    -0.12475984678617993 -1.9852454433778288 -0.0047307815573415851
    0.0079981783172595501 12.837885021470782</data></distCoeffs>
</opencv_storage>
